43, 115, 117, 13.893446653606404, 25.408945083618164, 0.12197022981747874
88, 115, 117, 14.11888918503689, 25.674190521240234, 0.11878914051771568
133, 115, 117, 13.90554325793034, 25.11111831665039, 0.13714902242005197
178, 115, 117, 14.192665355209288, 24.101953506469727, 0.08332307026641199
43, 115, 297, 14.411902978802443, 23.462247848510742, 0.12777700716208093
88, 115, 297, 14.45581408252816, 23.07563591003418, 0.13284832534514937
133, 115, 297, 13.643175370292694, 23.364192962646484, 0.18308274248576115
178, 115, 297, 14.350717652618332, 22.525333404541016, 0.14041560448428042
43, 115, 477, 12.861658252509082, 23.48721694946289, 0.36769205924446957
88, 115, 477, 13.262089880237992, 23.342853546142578, 0.2894060229816178
133, 115, 477, 13.540732841639311, 24.02342987060547, 0.3042141153663845
178, 115, 477, 11.928565593781114, 24.362546920776367, 0.23815046809350152
43, 115, 657, 13.631586314902579, 22.956472396850586, 0.23206804376849025
88, 115, 657, 12.22455289587254, 22.512042999267578, 0.1599619157689852
133, 115, 657, 13.910425375493288, 21.540687561035156, 0.09014320364324804
178, 115, 657, 14.154805042399754, 21.669275283813477, 0.06308897222079372
43, 115, 837, 13.775088247775342, 24.440269470214844, 0.11085939567500956
88, 115, 837, 13.160066427042846, 25.38604164123535, 0.19483378085004807
133, 115, 837, 13.225923434198393, 24.60334587097168, 0.2308534722177999
178, 115, 837, 13.367511168441165, 23.38939094543457, 0.21686079508161357
43, 115, 1017, 14.165820059086371, 22.283140182495117, 0.2944605087183936
88, 115, 1017, 14.087751846087597, 22.876014709472656, 0.19599178806840284
133, 115, 1017, 13.271121023985, 22.284921646118164, 0.15207281022838134
178, 115, 1017, 13.454189972967932, 22.878637313842773, 0.15315835246658854
43, 115, 1197, 12.87890606952675, 24.087242126464844, 0.3485684460660735
88, 115, 1197, 12.696945256706998, 23.355648040771484, 0.37505034500059925
133, 115, 1197, 12.610865733126237, 23.251953125, 0.31848547126213955
178, 115, 1197, 12.106542352513364, 23.48419761657715, 0.292851669932801
43, 115, 1377, 13.988566934910356, 24.324630737304688, 0.1884641085177405
88, 115, 1377, 12.349425930858153, 23.844974517822266, 0.32021210167162717
133, 115, 1377, 13.17590289393002, 24.617977142333984, 0.2321024539492718
178, 115, 1377, 14.370874894829958, 24.002765655517578, 0.15080261242906035
43, 115, 1557, 13.755111700188685, 24.89159393310547, 0.27569430073656986
88, 115, 1557, 13.10265156014486, 24.790164947509766, 0.4246816775223667
133, 115, 1557, 14.004746307267029, 24.99767303466797, 0.3373847881870977
178, 115, 1557, 12.95394052862118, 24.980932235717773, 0.26941456196911784
43, 115, 1737, 15.377310804666415, 23.86410903930664, 0.1186921500199959
88, 115, 1737, 14.160065228261606, 23.892982482910156, 0.17718103870879354
133, 115, 1737, 14.635480255526128, 23.318126678466797, 0.14370308328171724
178, 115, 1737, 14.305474878610354, 23.214168548583984, 0.12502365887697495
43, 115, 1917, 14.423939153001056, 22.656360626220703, 0.14638932501306223
88, 115, 1917, 15.090902620978516, 23.126663208007812, 0.15501244357901506
133, 115, 1917, 14.481000782621816, 23.581741333007812, 0.10005624937277229
178, 115, 1917, 13.829160577623115, 23.285465240478516, 0.12901166342480858
43, 295, 117, 15.829583645720136, 24.5264835357666, 0.34559236452230047
88, 295, 117, 14.099035797163397, 24.77006721496582, 0.30988805410545295
133, 295, 117, 12.976290412536917, 24.555376052856445, 0.36919581550059233
178, 295, 117, 13.514224220901534, 24.241588592529297, 0.318452620594994
43, 295, 297, 13.933248811653728, 24.225597381591797, 0.21047642853426218
88, 295, 297, 13.128137805643773, 23.942241668701172, 0.3112641472499788
133, 295, 297, 13.171701860815377, 23.255760192871094, 0.3091573809686453
178, 295, 297, 12.65219090355823, 22.849750518798828, 0.34092374084051275
43, 295, 477, 12.591989176206086, 24.838260650634766, 0.44601664322843365
88, 295, 477, 13.808131802305365, 24.768707275390625, 0.45288862852743583
133, 295, 477, 13.341202980600462, 24.57139778137207, 0.2575259671612822
178, 295, 477, 14.317127544140721, 25.246906280517578, 0.1682832473289402
43, 295, 657, 13.625797247013068, 29.993207931518555, 0.151505094674728
88, 295, 657, 14.005479293115224, 29.631074905395508, 0.2656611782247411
133, 295, 657, 12.762427147305736, 26.907085418701172, 0.36839013387465075
178, 295, 657, 10.967505279057344, 25.79204750061035, 0.3904184165985815
43, 295, 837, 12.808232407826768, 27.48346710205078, 0.2346617583252343
88, 295, 837, 14.592711429675777, 29.2901611328125, 0.2187614594858891
133, 295, 837, 12.797087164241066, 30.70290184020996, 0.276328059243535
178, 295, 837, 13.644604242534838, 28.430280685424805, 0.16274278822669483
43, 295, 1017, 12.06020054561242, 24.136764526367188, 0.2826345075260719
88, 295, 1017, 13.427428750784099, 24.850753784179688, 0.39387070107919
133, 295, 1017, 11.957329429422089, 24.682029724121094, 0.3732320078516215
178, 295, 1017, 11.580715100320068, 24.039424896240234, 0.34664658595255604
43, 295, 1197, 13.995250139477395, 22.81869888305664, 0.26139930931680866
88, 295, 1197, 13.566903150130488, 22.763214111328125, 0.3697343829718487
133, 295, 1197, 13.214358780223893, 22.79311752319336, 0.3072902313110051
178, 295, 1197, 11.856781212393782, 23.082515716552734, 0.3173676258098607
43, 295, 1377, 13.832155437098903, 22.97911834716797, 0.22001084606980711
88, 295, 1377, 11.685628450289034, 23.03473472595215, 0.2688155526197248
133, 295, 1377, 13.586466923593655, 21.673320770263672, 0.1596925629069743
178, 295, 1377, 13.5760449285315, 21.74547576904297, 0.1790596738330058
43, 295, 1557, 13.561650201522573, 25.373153686523438, 0.36239305219731455
88, 295, 1557, 13.341835235560279, 26.036489486694336, 0.3733566697116729
133, 295, 1557, 13.555814811064012, 26.14278221130371, 0.2824260522351836
178, 295, 1557, 14.424688822350058, 26.850605010986328, 0.11236295471556404
43, 295, 1737, 13.684550521323603, 24.748653411865234, 0.18635122237881618
88, 295, 1737, 12.218259450376028, 23.893497467041016, 0.23213374138628498
133, 295, 1737, 13.663165381174764, 23.803192138671875, 0.25787265014436933
178, 295, 1737, 12.849968703786072, 24.239253997802734, 0.3091580693322138
43, 295, 1917, 14.059424133047012, 25.70516586303711, 0.1522825622353964
88, 295, 1917, 13.166452232989847, 25.912494659423828, 0.20373150632935746
133, 295, 1917, 13.866220312310729, 26.018997192382812, 0.2280362866427633
178, 295, 1917, 13.575998925241272, 24.652698516845703, 0.13601970043630032
43, 475, 117, 13.668982029629248, 24.48624610900879, 0.23919626178984668
88, 475, 117, 13.857978305755891, 24.644622802734375, 0.21476145926582169
133, 475, 117, 14.931060258573792, 24.38947296142578, 0.2793089748801753
178, 475, 117, 13.984341789283746, 23.9669189453125, 0.30634022193059857
43, 475, 297, 13.80203557405471, 25.060176849365234, 0.26994914976070566
88, 475, 297, 13.681820734914654, 24.55038833618164, 0.24460535053856763
133, 475, 297, 13.365526396096795, 23.88357162475586, 0.32781830262378464
178, 475, 297, 13.167642285663938, 23.838294982910156, 0.3007115274967054
43, 475, 477, 14.02277418019709, 31.053768157958984, 0.2173468030906381
88, 475, 477, 13.86455319304703, 31.390037536621094, 0.2845197372219743
133, 475, 477, 12.636748781547162, 28.81606674194336, 0.3209366026038712
178, 475, 477, 12.810698709952133, 27.35881996154785, 0.14197457713144507
43, 475, 657, 12.579310651636801, 26.366649627685547, 0.21511976170633038
88, 475, 657, 14.013075332167979, 26.95844268798828, 0.12066957603216093
133, 475, 657, 14.116534451292386, 27.69611358642578, 0.12634958714415886
178, 475, 657, 13.98864394098358, 27.109352111816406, 0.15167602846941106
43, 475, 837, 12.713194506376048, 23.76239013671875, 0.2414846236225356
88, 475, 837, 12.302047118880239, 22.643009185791016, 0.33011253370195126
133, 475, 837, 12.245671572888895, 23.40658950805664, 0.3675685698221602
178, 475, 837, 12.32988669483791, 23.733985900878906, 0.3097411934801206
43, 475, 1017, 12.472289705714525, 26.129423141479492, 0.24668138376018856
88, 475, 1017, 13.993470169856213, 27.324771881103516, 0.2643948992403943
133, 475, 1017, 13.688780065232617, 26.45178985595703, 0.19469642505492007
178, 475, 1017, 14.041513810652111, 26.683372497558594, 0.1653553015353369
43, 475, 1197, 13.70669142943225, 27.897186279296875, 0.4581028609416799
88, 475, 1197, 12.324280497132643, 26.52996826171875, 0.4345039153393658
133, 475, 1197, 13.012708862456925, 25.806325912475586, 0.3990184292441738
178, 475, 1197, 13.51896909635719, 25.80408477783203, 0.20480574592621234
43, 475, 1377, 12.74815435465699, 22.414775848388672, 0.3523900953696836
88, 475, 1377, 12.164697070430357, 22.092453002929688, 0.32940878570325444
133, 475, 1377, 12.543793045102525, 22.08677864074707, 0.3328350563396718
178, 475, 1377, 13.723046677533482, 22.668489456176758, 0.13431088374244618
43, 475, 1557, 13.404808357840846, 23.851350784301758, 0.11777445950026458
88, 475, 1557, 14.152994669512307, 24.71100616455078, 0.17739814472177512
133, 475, 1557, 13.3561684746485, 25.59760856628418, 0.1406912859414414
178, 475, 1557, 13.305364785478655, 25.213817596435547, 0.2506119006622058
43, 475, 1737, 13.852380976591055, 28.345706939697266, 0.12070780635205453
88, 475, 1737, 14.260675359661334, 28.343326568603516, 0.177333836395905
133, 475, 1737, 12.066118397103496, 24.88591194152832, 0.2360516629914401
178, 475, 1737, 13.932924577620385, 24.141321182250977, 0.11947813631238846
43, 475, 1917, 13.532038367619537, 21.350006103515625, 0.11433358792736861
88, 475, 1917, 14.836840953902295, 22.587491989135742, 0.14774895779982458
133, 475, 1917, 13.868893692813854, 24.082530975341797, 0.274157702492145
178, 475, 1917, 14.297214328991984, 24.599742889404297, 0.21148395273848875
43, 655, 117, 13.811937930612245, 27.415103912353516, 0.43078390422610113
88, 655, 117, 13.99195728816168, 26.37293815612793, 0.3802043377326019
133, 655, 117, 12.785848716316957, 26.34339141845703, 0.3245228881985526
178, 655, 117, 13.365662881263233, 26.34567642211914, 0.2576358073571275
43, 655, 297, 13.909528454178234, 24.157726287841797, 0.18661898585833264
88, 655, 297, 13.648335541470825, 24.56121826171875, 0.287380881666018
133, 655, 297, 13.688694483925273, 24.785682678222656, 0.3023922250241465
178, 655, 297, 12.573106185336771, 25.08444595336914, 0.3077062072388578
43, 655, 477, 13.5255632168575, 25.699474334716797, 0.22259429746511214
88, 655, 477, 13.329369400419074, 25.73072052001953, 0.2684121720601301
133, 655, 477, 12.567177126922076, 25.904499053955078, 0.48179669491474064
178, 655, 477, 11.402086396399179, 25.979534149169922, 0.37157461542663206
43, 655, 657, 11.49563970081497, 22.29921531677246, 0.3935205372125251
88, 655, 657, 12.702993330923414, 21.55447006225586, 0.40019292201703305
133, 655, 657, 14.334158447537261, 22.138216018676758, 0.3773219245554061
178, 655, 657, 14.60901860655814, 21.64495277404785, 0.19592114217305304
43, 655, 837, 12.976769150528959, 30.959150314331055, 0.3002608691815607
88, 655, 837, 13.433860334709571, 30.457155227661133, 0.2632975675443526
133, 655, 837, 14.169625332916276, 30.0592098236084, 0.25292979822926914
178, 655, 837, 12.960105443966304, 29.237382888793945, 0.2806483143859559
43, 655, 1017, 14.105662719175488, 24.625755310058594, 0.3507119912967302
88, 655, 1017, 12.792415192231482, 25.59360122680664, 0.4486389927327101
133, 655, 1017, 11.463172998239404, 25.592876434326172, 0.453835543643505
178, 655, 1017, 11.496087536815972, 25.354690551757812, 0.35497282849563067
43, 655, 1197, 12.45169846063053, 29.142314910888672, 0.37622213746405764
88, 655, 1197, 13.214280610285138, 30.49622344970703, 0.39460525349819875
133, 655, 1197, 12.902932475034001, 29.552282333374023, 0.3256895487005631
178, 655, 1197, 13.592613948291017, 28.526954650878906, 0.16788128056604515
43, 655, 1377, 13.232704655197649, 25.631446838378906, 0.17821979519602726
88, 655, 1377, 13.714388800000068, 24.91196060180664, 0.3220881330974035
133, 655, 1377, 11.02312271114523, 23.964187622070312, 0.3806021451576787
178, 655, 1377, 13.742940130935878, 24.489276885986328, 0.20423936533452897
43, 655, 1557, 13.466005578103646, 20.56332015991211, 0.3680158466179625
88, 655, 1557, 13.87795157766358, 22.030832290649414, 0.3514002480107193
133, 655, 1557, 12.121959352740488, 23.04220199584961, 0.2688477163741847
178, 655, 1557, 12.047050303853716, 23.300033569335938, 0.22046528477245542
43, 655, 1737, 12.658089472367969, 28.724472045898438, 0.49927696118708426
88, 655, 1737, 13.914712935252252, 27.9056396484375, 0.39167304475880826
133, 655, 1737, 13.575950692683856, 27.040401458740234, 0.4444018534233129
178, 655, 1737, 12.52335036481615, 26.49252700805664, 0.36854477245506495
43, 655, 1917, 13.731864186459422, 24.76252555847168, 0.3292702301898077
88, 655, 1917, 12.983165493903593, 24.506723403930664, 0.3914478911774619
133, 655, 1917, 12.6058147148728, 23.562713623046875, 0.36540853515203825
178, 655, 1917, 13.837382382901117, 24.462181091308594, 0.19341688867614046
43, 835, 117, 13.796442002336127, 31.71687126159668, 0.18011605126993246
88, 835, 117, 13.831453770463332, 31.396343231201172, 0.17195649999226723
133, 835, 117, 14.082221892949205, 29.75431251525879, 0.23711533458495046
178, 835, 117, 13.483569751915004, 28.165916442871094, 0.22602113287976436
43, 835, 297, 13.641866070985351, 28.447303771972656, 0.1581466236638315
88, 835, 297, 13.666791439541237, 26.629364013671875, 0.2094854658335202
133, 835, 297, 13.779978733478078, 25.83095932006836, 0.20783562382072424
178, 835, 297, 14.26574083632502, 26.20785140991211, 0.1741579979438001
43, 835, 477, 13.480968724498183, 23.170948028564453, 0.3747847127992624
88, 835, 477, 13.139509008149336, 20.791976928710938, 0.39532006615914783
133, 835, 477, 12.292702881408392, 21.446060180664062, 0.46894837990278265
178, 835, 477, 12.9302752871912, 22.91733169555664, 0.35206486060844516
43, 835, 657, 14.29244134033571, 19.638813018798828, 0.2190018901630379
88, 835, 657, 13.939655244043022, 19.473331451416016, 0.2022750802957561
133, 835, 657, 14.705865151502056, 21.031946182250977, 0.2376197383008685
178, 835, 657, 13.816103731779664, 22.905235290527344, 0.2745072817198323
43, 835, 837, 13.306083732590858, 27.254053115844727, 0.25526250390831834
88, 835, 837, 10.698804419977751, 27.331960678100586, 0.2869247640345465
133, 835, 837, 12.759999680514815, 26.830102920532227, 0.2424649512681163
178, 835, 837, 12.345352473152197, 25.607765197753906, 0.19840369639564726
43, 835, 1017, 11.898713979693671, 23.341915130615234, 0.3943593900034732
88, 835, 1017, 14.570095586054329, 21.695629119873047, 0.2543766057052625
133, 835, 1017, 13.634741013261893, 23.466049194335938, 0.3358682095385981
178, 835, 1017, 13.444242836367097, 24.79754066467285, 0.28675222055726135
43, 835, 1197, 13.68556716606374, 22.304386138916016, 0.35782592916893
88, 835, 1197, 11.611722891812983, 21.50782012939453, 0.2762217943036357
133, 835, 1197, 13.155203327325953, 20.84357452392578, 0.37569708772845956
178, 835, 1197, 12.109808507732149, 20.201950073242188, 0.3336253183323247
43, 835, 1377, 13.1255639856829, 26.80363655090332, 0.22867173331172702
88, 835, 1377, 13.866682408997024, 25.43693733215332, 0.21452249653578895
133, 835, 1377, 12.99922647380967, 23.89801788330078, 0.1865895577277649
178, 835, 1377, 13.84375067045796, 23.877243041992188, 0.17203555074377316
43, 835, 1557, 10.372054938380664, 22.365089416503906, 0.3054002368855983
88, 835, 1557, 13.127550414550095, 23.156436920166016, 0.2668581959387036
133, 835, 1557, 11.837057779182528, 22.46590805053711, 0.2711573710356978
178, 835, 1557, 13.383425842232684, 21.79663848876953, 0.21397422412284098
43, 835, 1737, 12.526587914842567, 23.02906036376953, 0.21465332470495563
88, 835, 1737, 12.748259097154422, 23.341629028320312, 0.2692369538864043
133, 835, 1737, 12.695902099770361, 23.888084411621094, 0.2779817438663034
178, 835, 1737, 13.025450585898902, 24.502059936523438, 0.33499617666385717
43, 835, 1917, 13.583465586778505, 23.679054260253906, 0.3051074466355409
88, 835, 1917, 11.585157207780453, 23.864850997924805, 0.3988584801995748
133, 835, 1917, 12.293919978595923, 23.929039001464844, 0.375696983807167
178, 835, 1917, 10.954224199504823, 23.480175018310547, 0.2781917252995917
43, 1015, 117, 13.962578489621984, 26.199356079101562, 0.2886041081731571
88, 1015, 117, 12.126804983169052, 25.993946075439453, 0.360176744181929
133, 1015, 117, 12.604626984994585, 25.249755859375, 0.3523721815175906
178, 1015, 117, 12.382332207102966, 24.550155639648438, 0.349592994078737
43, 1015, 297, 13.227910463330693, 26.20714569091797, 0.2265185160622649
88, 1015, 297, 14.199029187011984, 24.335559844970703, 0.22469755310598813
133, 1015, 297, 13.935799405680577, 23.1651611328125, 0.18500919142230984
178, 1015, 297, 13.804045340594287, 23.610538482666016, 0.08225805940117661
43, 1015, 477, 13.960694118639124, 24.353534698486328, 0.20695774311270457
88, 1015, 477, 12.100086266377538, 23.66559410095215, 0.2085797993971616
133, 1015, 477, 13.02609828501458, 23.82506561279297, 0.18398979622227504
178, 1015, 477, 12.924881913660585, 23.713346481323242, 0.07982899877739613
43, 1015, 657, 10.434378258377922, 25.698678970336914, 0.2770657999520695
88, 1015, 657, 14.204131626827586, 25.606765747070312, 0.10376958796926199
133, 1015, 657, 13.611407303565201, 25.88149642944336, 0.12873358909928365
178, 1015, 657, 13.53767881528509, 25.403507232666016, 0.11725433148230355
43, 1015, 837, 13.276877036605303, 22.084949493408203, 0.20193704227902773
88, 1015, 837, 12.103575942678573, 21.853404998779297, 0.3208574459722566
133, 1015, 837, 11.91627026730181, 22.951141357421875, 0.3534630541216799
178, 1015, 837, 13.126731187155373, 23.367448806762695, 0.2621914040605842
43, 1015, 1017, 12.755004822310589, 24.62818145751953, 0.2839315561849166
88, 1015, 1017, 11.1996057848651, 25.048919677734375, 0.32686513848352167
133, 1015, 1017, 11.61322261788186, 24.983028411865234, 0.41499874664996067
178, 1015, 1017, 12.14987888285327, 25.25843620300293, 0.3330842129052803
43, 1015, 1197, 11.112767669546907, 23.25292205810547, 0.47406787382943594
88, 1015, 1197, 11.5220781434451, 23.063121795654297, 0.4731427174811161
133, 1015, 1197, 11.93211938796659, 23.263477325439453, 0.4928090521225189
178, 1015, 1197, 12.033913439605625, 23.37891387939453, 0.4286654842656212
43, 1015, 1377, 12.641049618064024, 25.64248275756836, 0.3235498604512826
88, 1015, 1377, 12.431692775900157, 24.576805114746094, 0.44023251301782224
133, 1015, 1377, 11.63282093302524, 23.55171775817871, 0.347913287909266
178, 1015, 1377, 12.457495602321545, 23.280515670776367, 0.23965112900346533
43, 1015, 1557, 12.667518490990565, 23.34640121459961, 0.19129846247398805
88, 1015, 1557, 12.505382901592004, 24.3350772857666, 0.20586385393100698
133, 1015, 1557, 14.479079478766844, 23.91634750366211, 0.14807816544775804
178, 1015, 1557, 13.063369757878794, 24.359996795654297, 0.1688359831287083
43, 1015, 1737, 12.060386132558545, 24.660459518432617, 0.2935712391738159
88, 1015, 1737, 11.981727176757156, 24.198612213134766, 0.365776328086969
133, 1015, 1737, 12.181945097279119, 23.879276275634766, 0.3245634852895658
178, 1015, 1737, 13.537139107347317, 25.330846786499023, 0.21629177768985824
43, 1015, 1917, 12.394492524432167, 26.373004913330078, 0.411697121002894
88, 1015, 1917, 13.260411680205328, 28.304092407226562, 0.4041375423204077
133, 1015, 1917, 13.860596220464782, 28.628463745117188, 0.291616118265667
178, 1015, 1917, 10.811768766210857, 26.416837692260742, 0.35956004283206716
43, 1195, 117, 14.673262169198694, 23.870662689208984, 0.22194096156445592
88, 1195, 117, 14.767395776472318, 23.050701141357422, 0.26800520257454924
133, 1195, 117, 13.663877177041252, 22.50513458251953, 0.24106179204328956
178, 1195, 117, 12.925962483203127, 22.538593292236328, 0.22793257103304135
43, 1195, 297, 12.15022212789075, 24.981000900268555, 0.417447659359754
88, 1195, 297, 12.651312378857744, 25.60494041442871, 0.3936991832570667
133, 1195, 297, 12.590275835406976, 25.79706573486328, 0.34236500886170906
178, 1195, 297, 13.633998331950234, 25.126623153686523, 0.18548523216687549
43, 1195, 477, 13.618414139512055, 24.692432403564453, 0.3743803563227445
88, 1195, 477, 13.09960964818198, 25.13591194152832, 0.4338677717834999
133, 1195, 477, 12.160783522363296, 24.85551643371582, 0.4400515294623574
178, 1195, 477, 12.444589360493788, 24.356895446777344, 0.35124031623739127
43, 1195, 657, 13.67344076765591, 23.988563537597656, 0.263670351889207
88, 1195, 657, 12.44944298446202, 23.659866333007812, 0.3110750754187712
133, 1195, 657, 10.92522207369846, 23.007850646972656, 0.31546699070859635
178, 1195, 657, 13.342234819620378, 23.038938522338867, 0.2730302541341227
43, 1195, 837, 13.013471308420717, 25.12020492553711, 0.25898999869536843
88, 1195, 837, 12.457792511904023, 25.156888961791992, 0.28075133018600046
133, 1195, 837, 10.76705979646453, 23.960012435913086, 0.3714501574558306
178, 1195, 837, 13.172888684418934, 21.739280700683594, 0.2080746069103799
43, 1195, 1017, 12.159042109269803, 24.788721084594727, 0.44997323289425256
88, 1195, 1017, 13.176106569463277, 24.66888427734375, 0.4647381882233493
133, 1195, 1017, 11.494709889273443, 24.433256149291992, 0.5059912845601873
178, 1195, 1017, 12.891907684776287, 24.73613739013672, 0.37591643819116666
43, 1195, 1197, 13.315288725359915, 26.597393035888672, 0.3510829688147483
88, 1195, 1197, 13.174366341433732, 26.1771240234375, 0.41326220125804114
133, 1195, 1197, 12.697713824924598, 25.851341247558594, 0.4436575968221621
178, 1195, 1197, 9.839357341662714, 25.027664184570312, 0.4020357532473801
43, 1195, 1377, 11.437582679315017, 24.587120056152344, 0.301190855390184
88, 1195, 1377, 10.650840107851275, 23.388629913330078, 0.38335639596776266
133, 1195, 1377, 12.795706116403283, 23.905643463134766, 0.32841739161552747
178, 1195, 1377, 13.313910859485247, 25.006999969482422, 0.3307833066858883
43, 1195, 1557, 13.979563863523417, 26.178186416625977, 0.18961203347091962
88, 1195, 1557, 11.754787564199304, 25.269548416137695, 0.23073554836981275
133, 1195, 1557, 12.532833448369862, 25.02243423461914, 0.25268846847178295
178, 1195, 1557, 14.929195052174958, 24.80401611328125, 0.18697498633181875
43, 1195, 1737, 13.986956075221388, 24.262409210205078, 0.2984257339934902
88, 1195, 1737, 12.326107348911904, 25.32291030883789, 0.4737897707979734
133, 1195, 1737, 12.621720123387727, 25.388885498046875, 0.47098523631436884
178, 1195, 1737, 15.475034596672154, 25.40927505493164, 0.25210915974335746
43, 1195, 1917, 10.844597175936903, 22.18143081665039, 0.36337223193077045
88, 1195, 1917, 12.888500588515734, 22.03570556640625, 0.38300314814863307
133, 1195, 1917, 11.77462431702621, 22.619295120239258, 0.40593656128632855
178, 1195, 1917, 12.77407557560367, 22.811216354370117, 0.3519877707187271
43, 1375, 117, 13.822689492842345, 27.950298309326172, 0.30123589379170457
88, 1375, 117, 13.367287251027392, 27.683135986328125, 0.2581271909810864
133, 1375, 117, 14.087722471190732, 26.759578704833984, 0.13969720614371064
178, 1375, 117, 13.773232083867867, 26.940326690673828, 0.055705926049479944
43, 1375, 297, 12.895744659799153, 22.80475616455078, 0.2180401833822757
88, 1375, 297, 12.753636472727875, 22.842164993286133, 0.2206028628727972
133, 1375, 297, 14.100242142854817, 22.732067108154297, 0.2109979568648731
178, 1375, 297, 13.288353098035799, 23.06821060180664, 0.2926767318567284
43, 1375, 477, 11.364622132164264, 24.168445587158203, 0.43387894236221036
88, 1375, 477, 12.650603226039705, 24.492691040039062, 0.3659714256552473
133, 1375, 477, 13.894647454577255, 24.70755386352539, 0.28859373211109923
178, 1375, 477, 13.26175232726151, 24.488489151000977, 0.2951643623276957
43, 1375, 657, 12.048807408854623, 24.73957633972168, 0.40731955424411487
88, 1375, 657, 11.646125955238412, 23.891881942749023, 0.4198444053048985
133, 1375, 657, 11.295604907724211, 23.625328063964844, 0.4226875282214839
178, 1375, 657, 12.401551465707396, 23.293777465820312, 0.33014612941847715
43, 1375, 837, 14.122322568438532, 24.79155158996582, 0.19459748629995352
88, 1375, 837, 13.14803201763993, 25.699602127075195, 0.2958575623846015
133, 1375, 837, 13.009630206083205, 25.98746681213379, 0.3287415148721194
178, 1375, 837, 13.66798205112193, 25.72122573852539, 0.26817588776494045
43, 1375, 1017, 10.951444143734108, 23.600147247314453, 0.2910035937098025
88, 1375, 1017, 11.675935372067325, 23.25597381591797, 0.3616752905859442
133, 1375, 1017, 12.439008638178146, 22.589569091796875, 0.3386103453475107
178, 1375, 1017, 13.31505245870126, 22.832252502441406, 0.23511799252876975
43, 1375, 1197, 11.578722968198548, 23.290393829345703, 0.5243029826342954
88, 1375, 1197, 11.58129620827433, 23.54452896118164, 0.5009313768877801
133, 1375, 1197, 11.473287734923375, 23.420242309570312, 0.544257721144328
178, 1375, 1197, 12.464485865087948, 23.477087020874023, 0.3585228502954977
43, 1375, 1377, 12.702287971348444, 24.659198760986328, 0.295325849613246
88, 1375, 1377, 10.899778341740324, 24.52937889099121, 0.36738946658579147
133, 1375, 1377, 13.077825815422013, 23.766674041748047, 0.2262320856430602
178, 1375, 1377, 12.214004059236144, 23.12413787841797, 0.24582507517296698
43, 1375, 1557, 13.725253610359486, 25.018436431884766, 0.22318901710398106
88, 1375, 1557, 10.721971679298203, 25.29163360595703, 0.23296059826942853
133, 1375, 1557, 14.001374810823714, 26.036304473876953, 0.20468524706010133
178, 1375, 1557, 10.819052483144315, 26.000709533691406, 0.2777784544932026
43, 1375, 1737, 13.031366783042692, 26.1602783203125, 0.46395332532581895
88, 1375, 1737, 10.538959481815438, 24.992416381835938, 0.4329130905433786
133, 1375, 1737, 12.567947951419143, 24.383188247680664, 0.42760949484572075
178, 1375, 1737, 13.165705618901567, 23.75469207763672, 0.30875062056698044
43, 1375, 1917, 13.696100518394449, 24.729862213134766, 0.30981908000894337
88, 1375, 1917, 13.669998699976867, 27.130271911621094, 0.27692157761427255
133, 1375, 1917, 13.789801428160036, 29.505306243896484, 0.14284322326381005
178, 1375, 1917, 13.135210705755881, 28.26430320739746, 0.15635393244502163
43, 1555, 117, 14.187216924451043, 22.537982940673828, 0.21073218177932934
88, 1555, 117, 14.595175947707956, 22.637104034423828, 0.2040606794080884
133, 1555, 117, 13.676179147772467, 22.935184478759766, 0.27803534438302796
178, 1555, 117, 13.986238596630313, 23.58474349975586, 0.2245264850377133
43, 1555, 297, 12.70134450713147, 22.743431091308594, 0.3383906856418496
88, 1555, 297, 13.170815354030804, 23.153594970703125, 0.3392973937380049
133, 1555, 297, 14.176420163587705, 23.912490844726562, 0.3292340942964675
178, 1555, 297, 13.384464792268858, 23.769878387451172, 0.2535972361963359
43, 1555, 477, 13.177381793829838, 24.528030395507812, 0.3985068978368857
88, 1555, 477, 12.501053976579254, 24.638633728027344, 0.40366464974497596
133, 1555, 477, 13.832032172896495, 24.294116973876953, 0.4079178841725439
178, 1555, 477, 11.789098934238082, 23.841068267822266, 0.2805490539480981
43, 1555, 657, 13.656708738286422, 25.855804443359375, 0.2015412840730616
88, 1555, 657, 12.410609315871012, 24.893972396850586, 0.3190382907659749
133, 1555, 657, 13.333408605582848, 24.317373275756836, 0.2450624497253629
178, 1555, 657, 11.601768166252418, 24.361366271972656, 0.291605759705546
43, 1555, 837, 14.62182038241212, 21.680025100708008, 0.33676818564607663
88, 1555, 837, 12.814838662693473, 22.123886108398438, 0.41454577699982326
133, 1555, 837, 13.669374842992482, 23.142837524414062, 0.252800791590247
178, 1555, 837, 14.076070591269275, 23.16313934326172, 0.13914595350069517
43, 1555, 1017, 10.510327204708599, 22.80228614807129, 0.3641201080444737
88, 1555, 1017, 11.168504651617226, 22.902080535888672, 0.3519910038063027
133, 1555, 1017, 12.095236812403737, 23.160343170166016, 0.3188735407249223
178, 1555, 1017, 12.45252342718411, 23.221004486083984, 0.17209488098856526
43, 1555, 1197, 12.626026811540868, 22.971202850341797, 0.2917815218021448
88, 1555, 1197, 11.609007011660715, 22.340007781982422, 0.42759065232082555
133, 1555, 1197, 15.520587634760641, 21.601133346557617, 0.2858688469472734
178, 1555, 1197, 13.985644247708086, 21.14913558959961, 0.15702501593305565
43, 1555, 1377, 12.23652476512213, 20.994735717773438, 0.2954561312414081
88, 1555, 1377, 12.624436943684954, 21.479839324951172, 0.2643269995355073
133, 1555, 1377, 13.70588070388966, 22.151052474975586, 0.1740795627329863
178, 1555, 1377, 14.127691145057028, 22.148027420043945, 0.14715213008804237
43, 1555, 1557, 13.825114138676877, 22.146385192871094, 0.2126358387711509
88, 1555, 1557, 12.993383337239882, 21.111045837402344, 0.212878010587878
133, 1555, 1557, 14.195776798013318, 21.017879486083984, 0.12585677801700731
178, 1555, 1557, 14.482998273260563, 20.470129013061523, 0.22550297255323903
43, 1555, 1737, 14.3867913532927, 20.576309204101562, 0.07310749591350117
88, 1555, 1737, 13.574862868384603, 20.176071166992188, 0.14449648897524667
133, 1555, 1737, 14.822631278446073, 19.788867950439453, 0.10156313628925398
178, 1555, 1737, 13.224663447146032, 19.963844299316406, 0.12832455108580618
43, 1555, 1917, 13.932554005914993, 24.247333526611328, 0.1997655092369546
88, 1555, 1917, 12.375165849802, 25.207286834716797, 0.3780126281223397
133, 1555, 1917, 12.192890190262913, 24.940948486328125, 0.36440446338770277
178, 1555, 1917, 12.518822750125167, 23.928586959838867, 0.25225956079083633
43, 1735, 117, 13.709949472972955, 23.090864181518555, 0.16418779280878903
88, 1735, 117, 14.952745266682362, 23.538471221923828, 0.21506097227677776
133, 1735, 117, 14.043721428845586, 23.85131072998047, 0.15325237778889825
178, 1735, 117, 14.030504793753066, 24.122058868408203, 0.09655179963083135
43, 1735, 297, 14.103839628213125, 25.705577850341797, 0.2556146054668173
88, 1735, 297, 15.754450970356146, 25.652996063232422, 0.28091761670500354
133, 1735, 297, 13.76333388651474, 25.37201499938965, 0.33046071116616604
178, 1735, 297, 15.180338189908547, 25.402114868164062, 0.28667015396661505
43, 1735, 477, 12.980154467909747, 24.218847274780273, 0.18833363295733288
88, 1735, 477, 14.09335238258145, 25.16579818725586, 0.1802036624153722
133, 1735, 477, 14.029264679344152, 26.94071388244629, 0.30530105449297373
178, 1735, 477, 14.105262083538836, 26.87866973876953, 0.3115872216661026
43, 1735, 657, 14.1083337408728, 23.7347412109375, 0.23929372505966684
88, 1735, 657, 13.29035904100536, 22.978778839111328, 0.354846972139511
133, 1735, 657, 12.176032465895748, 22.29499626159668, 0.3650983968849742
178, 1735, 657, 14.433136683534569, 21.41617774963379, 0.1981421005205735
43, 1735, 837, 14.37711703528451, 22.702274322509766, 0.21115155091201934
88, 1735, 837, 13.970547765328945, 21.982391357421875, 0.23825107606376486
133, 1735, 837, 13.591818053753324, 19.991851806640625, 0.16317231328587553
178, 1735, 837, 13.141775310742219, 21.137737274169922, 0.19191896270146078
43, 1735, 1017, 13.702067508767525, 24.349895477294922, 0.18225490383682827
88, 1735, 1017, 13.838956329334268, 25.832277297973633, 0.18167586031626848
133, 1735, 1017, 14.124530544142406, 25.858238220214844, 0.20521133686966753
178, 1735, 1017, 12.49103884982992, 24.69406509399414, 0.30597776390731174
43, 1735, 1197, 11.166464498971171, 21.733192443847656, 0.3966479341384626
88, 1735, 1197, 12.290098656865752, 22.117992401123047, 0.4947812859116136
133, 1735, 1197, 11.936408216521171, 21.378000259399414, 0.511145922654439
178, 1735, 1197, 12.83696171808369, 20.96101188659668, 0.3521121780012934
43, 1735, 1377, 13.414712529155624, 18.5154972076416, 0.13954286039428274
88, 1735, 1377, 13.890090927891444, 18.7006893157959, 0.19884524228988146
133, 1735, 1377, 13.879080472063777, 19.61087417602539, 0.16618005882869105
178, 1735, 1377, 14.029223439875327, 20.258007049560547, 0.10932857567675874
43, 1735, 1557, 12.614972738152431, 22.238920211791992, 0.293699854131298
88, 1735, 1557, 13.841802062068588, 22.276168823242188, 0.23157389556793181
133, 1735, 1557, 12.266434232446297, 22.387279510498047, 0.2525443883140179
178, 1735, 1557, 12.437254774254479, 22.682628631591797, 0.3086484173378706
43, 1735, 1737, 13.110449060521852, 22.955524444580078, 0.41481910282044165
88, 1735, 1737, 12.782648121633565, 23.401334762573242, 0.338074994627516
133, 1735, 1737, 14.167707045814097, 23.38351058959961, 0.2160414039959788
178, 1735, 1737, 12.913322890274758, 24.00048065185547, 0.286513498733043
43, 1735, 1917, 14.240772509764694, 24.34634017944336, 0.2374084929621284
88, 1735, 1917, 13.610737527801518, 24.72509765625, 0.28467565631480585
133, 1735, 1917, 13.518012591980508, 25.298900604248047, 0.29657839470002817
178, 1735, 1917, 15.740226289308266, 25.36850357055664, 0.23475987624381153
43, 1915, 117, 15.537231293680895, 24.636003494262695, 0.14589683472585188
88, 1915, 117, 15.430591406649194, 25.098054885864258, 0.13354433311759667
133, 1915, 117, 16.257588359249482, 25.87676239013672, 0.13659424430752057
178, 1915, 117, 15.252548927453741, 25.766735076904297, 0.13322376321509333
43, 1915, 297, 15.634664909451377, 24.052841186523438, 0.14156521996441543
88, 1915, 297, 14.31916119778259, 24.06561279296875, 0.18556662430184312
133, 1915, 297, 14.253043462545984, 24.69422149658203, 0.25127009424627117
178, 1915, 297, 14.362360205442526, 24.313804626464844, 0.11923142375011228
43, 1915, 477, 15.16120217598452, 22.921201705932617, 0.17629665517746998
88, 1915, 477, 14.548987247860435, 21.747068405151367, 0.23457902205969688
133, 1915, 477, 13.974560309949922, 23.52297019958496, 0.1402676903012707
178, 1915, 477, 14.94718746903846, 24.675636291503906, 0.16204210934090738
43, 1915, 657, 14.52984859552121, 22.925312042236328, 0.22054189613532904
88, 1915, 657, 14.113662958277104, 23.155393600463867, 0.23693023606087749
133, 1915, 657, 13.949595078368702, 23.735193252563477, 0.22504941016634297
178, 1915, 657, 13.686100166353922, 24.179874420166016, 0.19750898709567627
43, 1915, 837, 13.427392401103154, 23.42339324951172, 0.3662118815073542
88, 1915, 837, 14.018000186203897, 23.470943450927734, 0.43843600354999357
133, 1915, 837, 13.02025831512443, 22.878318786621094, 0.3800297337603106
178, 1915, 837, 14.029798278433065, 21.8909912109375, 0.28279343550970576
43, 1915, 1017, 14.560537188634004, 19.149234771728516, 0.07887839070133919
88, 1915, 1017, 14.474872230050146, 19.221403121948242, 0.10659094136208054
133, 1915, 1017, 14.176343569905361, 19.542034149169922, 0.10688741650779998
178, 1915, 1017, 14.232831698462526, 20.553661346435547, 0.07503618706626063
43, 1915, 1197, 14.021967460329298, 24.705297470092773, 0.16117286491189775
88, 1915, 1197, 12.205480483246347, 24.126922607421875, 0.26226415052592944
133, 1915, 1197, 14.151588397223279, 24.23740005493164, 0.3144054041629669
178, 1915, 1197, 13.072847969086952, 23.89544105529785, 0.2207835373756838
43, 1915, 1377, 13.704641937869308, 24.829639434814453, 0.2093108352194304
88, 1915, 1377, 14.06190288436549, 25.133085250854492, 0.15809972886711418
133, 1915, 1377, 13.670771018000615, 25.6992244720459, 0.19512226851115627
178, 1915, 1377, 13.101354541463175, 25.938770294189453, 0.21820886519580837
43, 1915, 1557, 14.703577564347576, 25.29334259033203, 0.28328257533760653
88, 1915, 1557, 13.58037031238095, 26.944782257080078, 0.22681449078252153
133, 1915, 1557, 12.353192680337727, 27.86588478088379, 0.24785808362376271
178, 1915, 1557, 13.463874474353998, 27.931665420532227, 0.26146350145387776
43, 1915, 1737, 13.688098248428602, 29.076351165771484, 0.19101408641774528
88, 1915, 1737, 13.975392645362538, 28.412805557250977, 0.41507466425886325
133, 1915, 1737, 14.458990803605973, 27.24951934814453, 0.4419577972682072
178, 1915, 1737, 12.59661414846385, 26.39197540283203, 0.3303993762738039
43, 1915, 1917, 12.014493368722194, 24.96857452392578, 0.34512439366536585
88, 1915, 1917, 13.603550933456912, 25.323230743408203, 0.46060504428843807
133, 1915, 1917, 13.627013094101605, 25.9904842376709, 0.44208632843766815
178, 1915, 1917, 14.211147017790514, 25.707387924194336, 0.32718871740006267
